[1.09849929 0.99838016 0.9729738  0.95542568 0.93318945 0.92884937
 0.92369889 0.90861573 0.88352287 0.86802673 0.86191745 0.86684773
 0.88756134 0.85804002 0.8274553  0.85253458 0.82013068 0.85981322
 0.81693808 0.85633528 0.80145823 0.82503782 0.77736835 0.79515662
 0.7587349  0.77956048 0.80481847 0.75137783 0.7572383  0.79067078
 0.70410847 0.73215876 0.76072    0.78700638 0.71585459 0.71768636
 0.75341015 0.759334   0.70378574 0.69888253 0.71360235 0.74582123
 0.74152911 0.74283578 0.6615297  0.68902952 0.68948655 0.72370458
 0.71102759 0.70608487 0.67102817 0.67539275 0.68724157 0.69658008
 0.7010854  0.69018097 0.70353517 0.72096764 0.64989828 0.68066138
 0.66381417 0.6651837  0.63967622 0.6801047  0.67996157 0.67685763
 0.69001933 0.71679801]