[0.14324919 0.13043309 0.12734723 0.12527917 0.12258645 0.12223787
 0.12177998 0.12000736 0.11690276 0.11505795 0.1144519  0.11531113
 0.11827558 0.11454335 0.11065468 0.11420826 0.11005915 0.11558519
 0.11001188 0.1155165  0.10829995 0.11167753 0.10540492 0.10800062
 0.10322875 0.10624168 0.10986899 0.10274606 0.10372096 0.10848117
 0.0967655  0.10078739 0.10489223 0.10869558 0.09903103 0.099447
 0.10456748 0.1055611  0.09799752 0.09747206 0.09968534 0.1043534
 0.10391893 0.10426814 0.0930033  0.09702303 0.09724082 0.10222751
 0.10059455 0.10005165 0.09523254 0.09600109 0.09783681 0.09931958
 0.10011604 0.09871033 0.10077441 0.10342916 0.0933756  0.09794401
 0.09566434 0.09600635 0.09246372 0.09845501 0.09858148 0.09827777
 0.10033773 0.10438617]